center: 29.955189 32.824482 15.230821
maxRadius: 58.396324
min: -10.990000 -9.907000 -28.148001
max: 73.651001 81.913002 47.205002
